Network Size Vs Robustness Tests

Network		on ann_a_advclp
			0.0		0.05	0.1		0.15	0.2	
phasor1		97.19	96.62	95.95	94.26	91.71
phasor2		98.30	98.17	97.65	96.90	94.92
phasor3		98.72	98.37	97.96	97.33	96.26

scalar1		96.87	94.47	90.14	82.63	70.30
scalar2		97.83	96.25	93.10	87.66	79.74
scalar3		98.15	97.16	94.00	86.61	73.59	

Network		on mnist_net1.pth
			0.0		0.05	0.1		0.15	0.2
phasor1		97.19	96.25	93.98	88.71	79.82
phasor2		98.30	97.34	96.11	93.92	87.92
phasor3		98.72	98.05	96.93	94.86	90.47

scalar1		96.87	96.09	93.51	87.90	77.97
scalar2		97.83	96.87	94.91	90.83	84.04
scalar3		98.15	97.46	95.76	90.92	80.60


FMNIST		on fmnist_net0.pth FGSM examples
			0.0		0.04	0.08	0.12	0.16
phasor1		85.68	72.24	58.52	48.14	40.21
phasor3		87.45	75.14	59.45	45.40	34.47
phasor3b	87.43	74.57	61.06	49.07	39.10
phasor3c_l	91.21	77.19	61.19	48.77	39.20

scalar0		85.35	71.82	56.47	40.80	29.36
